MEMORY
  total            14.2 MB
  struct          159.0 KB
  buffer           14.3 KB
  arena            14.0 MB, used 0.8%

SIZES
  narena                14680064
  nbuffer               14624
  nplugin               0
  maxuse_stack          85856
  maxuse_arena          115232
  maxuse_con            2
  maxuse_efc            15
  solver_nisland        1
  ncon                  1
  ne                    0
  nf                    0
  nl                    0
  nefc                  10
  nJ                    100
  nA                    0
  nisland               0
  threadpool            0

TIMER
    0:  duration =  0.04       number = 3
    1:  duration =  0.038      number = 3
    2:  duration =  0          number = 0
    3:  duration =  0.022      number = 3
    4:  duration =  0.004      number = 3
    5:  duration =  0.0012     number = 3
    6:  duration =  0.0081     number = 3
    7:  duration =  0.0012     number = 3
    8:  duration =  0.0065     number = 3
    9:  duration =  0.0013     number = 3
    10:  duration =  0.0069     number = 3
    11:  duration =  0.006      number = 3
    12:  duration =  0.00018    number = 3
    13:  duration =  0.0036     number = 3
    14:  duration =  0.003      number = 3

SOLVER STAT
  solver_nisland = 1
  solver_fwdinv =   0         0       
ENERGY =   0         0       

TIME =  2.2e+02 

QPOS
   1.4     
   0.0033  
  -37      
   1.8e-20 
   0       
   1       
   0.01    
   1       
   0       
   0       
   0       

QVEL
  -3.5e-20 
   1.1e-19 
  -1.6e-23 
  -3.8e-18 
   0       
   0       
  -3.9e-17 
   0       
   0       
   0       

QACC_WARMSTART
  -3.5e-16 
   2.2e-18 
  -9.4e-18 
  -1.1e-16 
   0       
   0       
  -1.4e-17 
   0       
   0       
   0       

CTRL
   0       
   0       
   0       
   0       
   0       
   0       
   0       
   0       
   0       

QFRC_APPLIED
   0       
   0       
   0       
   0       
   0       
   0       
   0       
   0       
   0       
   0       

XFRC_APPLIED
   0         0         0         0         0         0       
   0         0         0         0         0         0       
   0         0         0         0         0         0       
   0         0         0         0         0         0       
   0         0         0         0         0         0       
   0         0         0         0         0         0       

QACC
  -3.5e-16 
   2.2e-18 
  -9.4e-18 
  -1.1e-16 
   0       
   0       
  -1.4e-17 
   0       
   0       
   0       

XPOS
   0         0         0       
  -6         0         0       
   6         0         0       
   1.4       0.0033    0       
   1.4       0.058     0.02    
   0         1         0.01    

XQUAT
   1         0         0         0       
   1         0         0         0       
   1         0         0         0       
   0.99      0         0         0.16    
   0.99      0         0         0.16    
   1         0         0         0       

XMAT
   1         0         0         0         1         0         0         0         1       
   1         0         0         0         1         0         0         0         1       
   1         0         0         0         1         0         0         0         1       
   0.95     -0.32      0         0.32      0.95      0         0         0         1       
   0.95     -0.32      0         0.32      0.95      0         0         0         1       
   1         0         0         0         1         0         0         0         1       

XIPOS
   0         0         0       
  -6.2       0         0.09    
   6.2       0         0.09    
   1.4      -0.002     0.075   
   1.4       0.058     0.02    
   0         1         0.01    

XIMAT
   1         0         0         0         1         0         0         0         1       
   1         0         0         0         0        -1         0         1         0       
   1         0         0         0         0        -1         0         1         0       
  -0.32     -0.0022    0.95      0.95      0.0036    0.32     -0.0041    1         0.00094 
   0.95     -0.32      0         0.32      0.95      0         0         0         1       
   1         0         0         0         1         0         0         0         1       

XANCHOR
   0         0         0       
   1.4       0         0       
   1.4       0.0033    0       
   1.4       0.058     0.02    
   0         1         0.01    

XAXIS
   1         0         0       
   0         1         0       
   0         0         1       
  -0.32      0.95      0       
   0         0         1       

GEOM_XPOS
   0         0        -0.01    
  -6.1       0.9       0.09    
  -6.1      -0.9       0.09    
  -6.2       0         0.09    
   6.1       0.9       0.09    
   6.1      -0.9       0.09    
   6.2       0         0.09    
   1.4      -0.002     0.075   
   1.4       0.058     0.02    
   0         1         0.01    

GEOM_XMAT
   1         0         0         0         1         0         0         0         1       
   1         0         0         0         1         0         0         0         1       
   1         0         0         0         1         0         0         0         1       
   1         0         0         0         1         0         0         0         1       
   1         0         0         0         1         0         0         0         1       
   1         0         0         0         1         0         0         0         1       
   1         0         0         0         1         0         0         0         1       
  -0.32     -0.0022    0.95      0.95      0.0036    0.32     -0.0041    1         0.00094 
   0.95     -0.32      0         0.32      0.95      0         0         0         1       
   1         0         0         0         1         0         0         0         1       

SITE_XPOS
   0         4.5       0       
   0        -4.5       0       
   6         0         0       
  -6         0         0       
   0         0         0       
   0         0         0       
   0         0         0       
   0         0         0.0001  
  -5.1       1.8       0.0005  
  -5.1      -1.8       0.0005  
  -4.2       0         0.0005  
   5.1       1.8       0.0005  
   5.1      -1.8       0.0005  
   4.2       0         0.0005  
  -6.1       0         0       
   6.1       0         0       

SITE_XMAT
   1         0         0         0         1         0         0         0         1       
   1         0         0         0         1         0         0         0         1       
   1         0         0         0         1         0         0         0         1       
   1         0         0         0         1         0         0         0         1       
   1         0         0         0         1         0         0         0         1       
   1         0         0         0         1         0         0         0         1       
   1         0         0         0         1         0         0         0         1       
   1         0         0         0         1         0         0         0         1       
   1         0         0         0         1         0         0         0         1       
   1         0         0         0         1         0         0         0         1       
   1         0         0         0         1         0         0         0         1       
   1         0         0         0         1         0         0         0         1       
   1         0         0         0         1         0         0         0         1       
   1         0         0         0         1         0         0         0         1       
   1         0         0         0         1         0         0         0         1       
   1         0         0         0         1         0         0         0         1       

SUBTREE_COM
   0.2       0.0025    0.087   
  -6.2       0         0.09    
   6.2       0         0.09    
   1.4       0.00033   0.073   
   1.4       0.058     0.02    
   0         1         0.01    

CDOF
   0         0         0         1         0         0       
   0         0         0         0         1         0       
   0         0         1         0.003     0.001    -0       
   0         0         0        -0.32      0.95      0       
   0         0         0         1         0         0       
   0         0         0         0         1         0       
   0         0         0         0         0         1       
   1         0         0         0         0         0       
   0         1         0         0         0         0       
   0         0         1         0         0         0       

CINERT
   0         0         0         0         0         0         0         0         0         0       
   2.9       0.038     2.9       0         9.8e-32   0         7e-15     0        -1.1e-16   7.9     
   2.9       0.038     2.9       0        -9.8e-32   0        -7e-15     0        -1.1e-16   7.9     
   0.0089    0.0097    0.0092   -0.0003   -3.7e-06   9.9e-06   0.0019   -0.0058    0.0053    2.5     
   0.00064   0.00041   0.00046   8.9e-05  -0.0001    0.00031  -0.0019    0.0058   -0.0053    0.1     
   8.5e-06   8.5e-06   8.5e-06   0         0         0         0         0         0         0.046   

ACTUATOR_LENGTH
   29      
   0.066   
  -1.9e+02 
   0       
   0       
   3e-18   
   1.4     
   0.0033  
  -37      

actuator_moment
------------
 x          |
  x         |
   x        |
     xxxxxx |
     xxxxxx |
    x       |
 x          |
  x         |
   x        |
------------

ACTUATOR_MOMENT
     0:  20      
     1:  20      
     2:  5       
     4:  0.5        5:  0          6:  0          7:  0          8:  0          9:  0       
     4:  0          5:  0.5        6:  0          7:  0          8:  0          9:  0       
     3:  1.2e+02 
     0:  1       
     1:  1       
     2:  1       

CRB
   0         0         0         0         0         0         0         0         0         0       
   2.9       0.038     2.9       0         9.8e-32   0         7e-15     0        -1.1e-16   7.9     
   2.9       0.038     2.9       0        -9.8e-32   0        -7e-15     0        -1.1e-16   7.9     
   0.0096    0.01      0.0097   -0.00021  -0.00011   0.00032   4.7e-16   0         3.1e-17   2.6     
   0.00064   0.00041   0.00046   8.9e-05  -0.0001    0.00031  -0.0019    0.0058   -0.0053    0.1     
   8.5e-06   8.5e-06   8.5e-06   0         0         0         0         0         0         0.046   

QM
   3.1     
   0         3.1     
   0.0078    0.0027    0.41    
  -0.032     0.095     2.7e-20   0.1     
                                           0.046   
                                           0         0.046   
                                           0         0         0.046   
                                           0         0         0         8.5e-06 
                                           0         0         0         0         8.5e-06 
                                           0         0         0         0         0         8.5e-06 

QLD
     0:  3.1     
     0:  0.01       1:  3       
     0:  0.019      1:  0.0065     2:  0.41    
     0: -0.32       1:  0.95       2:  2.7e-19    3:  0.1     
     4:  0.046   
     5:  0.046   
     6:  0.046   
     7:  8.5e-06 
     8:  8.5e-06 
     9:  8.5e-06 

QLDIAGINV
   0.32    
   0.33    
   2.4     
   10      
   22      
   22      
   22      
   1.2e+05 
   1.2e+05 
   1.2e+05 

B: body-dof matrix
------------
 xxxxxxxxxx |
            |
            |
 xxxx       |
 xxxx       |
     xxxxxx |
------------

B_rownnz              10 0 0 4 4 6

B_rowadr              0 10 10 10 14 18

B_colind              0 1 2 3 4 5 6 7 8 9 0 1 2 3 0 1 2 3 4 5 6 7 8 9

C: reduced dof-dof matrix
------------
 x          |
 xx         |
 xxx        |
 xxxx       |
     x      |
      x     |
       x    |
        x   |
         x  |
          x |
------------

C_rownnz              1 2 3 4 1 1 1 1 1 1

C_rowadr              0 1 3 6 10 11 12 13 14 15

C_colind              0 0 1 0 1 2 0 1 2 3 4 5 6 7 8 9

mapM2C                0 2 1 5 4 3 9 8 7 6 10 11 13 16 20 25

D: dof-dof matrix
------------
 Dxxx       |
 xDxx       |
 xxDx       |
 xxxD       |
     Dxxxxx |
     xDxxxx |
     xxDxxx |
     xxxDxx |
     xxxxDx |
     xxxxxD |
------------

D_rownnz              4 4 4 4 6 6 6 6 6 6

D_rowadr              0 4 8 12 16 22 28 34 40 46

D_colind              0 1 2 3 0 1 2 3 0 1 2 3 0 1 2 3 4 5 6 7 8 9 4 5 6 7 8 9 4 5 6 7 8 9 4 5 6 7 8 9 4 5 6 7 8 9 4 5 6 7 8 9

mapM2D                0 2 5 9 2 1 4 8 5 4 3 7 9 8 7 6 10 12 15 19 24 30 12 11 14 18 23 29 15 14 13 17 22 28 19 18 17 16 21 27 24 23 22 21 20 26 30 29 28 27 26 25

mapD2M                0 5 4 10 9 8 15 14 13 12 16 23 22 30 29 28 37 36 35 34 44 43 42 41 40 51 50 49 48 47 46

QDERIV
     0:  0          1:  0          2:  0          3:  0       
     0:  0          1:  0          2:  0          3:  0       
     0:  0          1:  0          2:  0          3:  0       
     0:  0          1:  0          2:  0          3:  0       
     4:  0          5:  0          6:  0          7:  0          8:  0          9:  0       
     4:  0          5:  0          6:  0          7:  0          8:  0          9:  0       
     4:  0          5:  0          6:  0          7:  0          8:  0          9:  0       
     4:  0          5:  0          6:  0          7:  0          8:  0          9:  0       
     4:  0          5:  0          6:  0          7:  0          8:  0          9:  0       
     4:  0          5:  0          6:  0          7:  0          8:  0          9:  0       

QLU
     0:  0          1:  0          2:  0          3:  0       
     0:  0          1:  0          2:  0          3:  0       
     0:  0          1:  0          2:  0          3:  0       
     0:  0          1:  0          2:  0          3:  0       
     4:  0          5:  0          6:  0          7:  0          8:  0          9:  0       
     4:  0          5:  0          6:  0          7:  0          8:  0          9:  0       
     4:  0          5:  0          6:  0          7:  0          8:  0          9:  0       
     4:  0          5:  0          6:  0          7:  0          8:  0          9:  0       
     4:  0          5:  0          6:  0          7:  0          8:  0          9:  0       
     4:  0          5:  0          6:  0          7:  0          8:  0          9:  0       

CONTACT
  0:
     dim           6
     geoms         field : golf_ball_geom
     exclude       0
     efc_address   0
     solref         0.02      1       
     solimp         0.9       0.95      0.001     0.5       2       
     dist          -0.0015  
     includemargin  0       
     pos            0         1        -0.011   
     frame          0         0         1         0         1         0        -1         0         0       
     friction       2.4       2.4       0.01      0.0035    0.0035  
     mu             2.4     

EFC_TYPE
  6
  6
  6
  6
  6
  6
  6
  6
  6
  6

EFC_ID
  0
  0
  0
  0
  0
  0
  0
  0
  0
  0

EFC_J
   0         0         0         0         0         2.4       1         0.05      0         0       
   0         0         0         0         0        -2.4       1        -0.05      0         0       
   0         0         0         0        -2.4       0         1         0         0.05      0       
   0         0         0         0         2.4       0         1         0        -0.05      0       
   0         0         0         0         0         0         1         0         0         0.01    
   0         0         0         0         0         0         1         0         0        -0.01    
   0         0         0         0         0         0         1         0         0.0035    0       
   0         0         0         0         0         0         1         0        -0.0035    0       
   0         0         0         0         0         0         1        -0.0035    0         0       
   0         0         0         0         0         0         1         0.0035    0         0       

EFC_POS
  -0.0015  
  -0.0015  
  -0.0015  
  -0.0015  
  -0.0015  
  -0.0015  
  -0.0015  
  -0.0015  
  -0.0015  
  -0.0015  

EFC_MARGIN
   0       
   0       
   0       
   0       
   0       
   0       
   0       
   0       
   0       
   0       

EFC_FRICTIONLOSS
   0       
   0       
   0       
   0       
   0       
   0       
   0       
   0       
   0       
   0       

EFC_DIAGAPPROX
   1.7e+03 
   1.7e+03 
   1.7e+03 
   1.7e+03 
   1.7e+03 
   1.7e+03 
   1.7e+03 
   1.7e+03 
   1.7e+03 
   1.7e+03 

EFC_KBIP
   2.8e+03   1.1e+02   0.95      0       
   2.8e+03   1.1e+02   0.95      0       
   2.8e+03   1.1e+02   0.95      0       
   2.8e+03   1.1e+02   0.95      0       
   2.8e+03   1.1e+02   0.95      0       
   2.8e+03   1.1e+02   0.95      0       
   2.8e+03   1.1e+02   0.95      0       
   2.8e+03   1.1e+02   0.95      0       
   2.8e+03   1.1e+02   0.95      0       
   2.8e+03   1.1e+02   0.95      0       

EFC_D
   0.011   
   0.011   
   0.011   
   0.011   
   0.011   
   0.011   
   0.011   
   0.011   
   0.011   
   0.011   

EFC_R
   90      
   90      
   90      
   90      
   90      
   90      
   90      
   90      
   90      
   90      

ACTUATOR_VELOCITY
  -7.1e-19 
   2.1e-18 
  -8.5e-23 
   0       
   0       
  -4.5e-16 
  -3.5e-20 
   1.1e-19 
  -1.7e-23 

CVEL
   0         0         0         0         0         0       
   0         0         0         0         0         0       
   0         0         0         0         0         0       
   0         0        -1.7e-23  -3.5e-20   1.1e-19   0       
   0         0        -1.7e-23   1.2e-18  -3.5e-18   0       
   0         0         0         0         0        -3.9e-17 

CDOF_DOT
   0         0         0         0         0         0       
   0         0         0         0         0         0       
   0         0         0         1.1e-19   3.5e-20   0       
   0        -0         0         1.6e-23   5.4e-24   0       
   0         0         0         0         0         0       
   0         0         0         0         0         0       
   0         0         0         0         0         0       
   0         0         0         0        -3.9e-17   0       
   0         0         0         3.9e-17   0         0       
   0         0         0         0         0         0       

QFRC_BIAS
  -1.2e-41 
  -4e-42   
   7.4e-43 
  -1.7e-48 
   0       
   0       
   0.45    
   0       
   0       
   0       

QFRC_SPRING
   0       
   0       
   0       
  -5.1e-18 
   0       
   0       
   0       
   0       
   0       
   0       

QFRC_DAMPER
   2.4e-19 
  -7.2e-19 
   1.7e-23 
   3.8e-18 
   0       
   0       
   0       
   0       
   0       
   0       

QFRC_GRAVCOMP
   0       
   0       
   0       
   0       
   0       
   0       
   0       
   0       
   0       
   0       

QFRC_FLUID
   0       
   0       
   0       
   0       
   0       
   0       
   0       
   0       
   0       
   0       

QFRC_PASSIVE
   2.4e-19 
  -7.2e-19 
   1.7e-23 
  -1.3e-18 
   0       
   0       
   0       
   0       
   0       
   0       

EFC_VEL
  -3.9e-17 
  -3.9e-17 
  -3.9e-17 
  -3.9e-17 
  -3.9e-17 
  -3.9e-17 
  -3.9e-17 
  -3.9e-17 
  -3.9e-17 
  -3.9e-17 

EFC_AREF
   4.1     
   4.1     
   4.1     
   4.1     
   4.1     
   4.1     
   4.1     
   4.1     
   4.1     
   4.1     

SUBTREE_LINVEL
   0         0         0       
   0         0         0       
   0         0         0       
   0         0         0       
   0         0         0       
   0         0         0       

SUBTREE_ANGMOM
   0         0         0       
   0         0         0       
   0         0         0       
   0         0         0       
   0         0         0       
   0         0         0       

ACTUATOR_FORCE
   0       
   0       
   0       
   0       
   0       
   0       
   7.1e-19 
  -2.1e-18 
   8.5e-23 

QFRC_ACTUATOR
   7.1e-19 
  -2.1e-18 
   8.5e-23 
   0       
   0       
   0       
   0       
   0       
   0       
   0       

QFRC_SMOOTH
   9.5e-19 
  -2.8e-18 
   1e-22   
  -1.3e-18 
   0       
   0       
  -0.45    
   0       
   0       
   0       

QACC_SMOOTH
   1.8e-19 
  -5.3e-19 
   3.5e-22 
  -1.3e-17 
   0       
   0       
  -9.8     
   0       
   0       
   0       

EFC_B
  -14      
  -14      
  -14      
  -14      
  -14      
  -14      
  -14      
  -14      
  -14      
  -14      

EFC_FORCE
   0.045   
   0.045   
   0.045   
   0.045   
   0.045   
   0.045   
   0.045   
   0.045   
   0.045   
   0.045   

EFC_STATE
  1
  1
  1
  1
  1
  1
  1
  1
  1
  1

QFRC_CONSTRAINT
   0       
   0       
   0       
   0       
   0       
   0       
   0.45    
   0       
   0       
   0       

QFRC_INVERSE
   0       
   0       
   0       
   0       
   0       
   0       
   0       
   0       
   0       
   0       

CACC
   0         0         0         0         0         0       
   0         0         0         0         0         0       
   0         0         0         0         0         0       
   0         0         0         0         0         0       
   0         0         0         0         0         0       
   0         0         0         0         0         0       

CFRC_INT
   0         0         0         0         0         0       
   0         0         0         0         0         0       
   0         0         0         0         0         0       
   0         0         0         0         0         0       
   0         0         0         0         0         0       
   0         0         0         0         0         0       

CFRC_EXT
   0         0         0         0         0         0       
   0         0         0         0         0         0       
   0         0         0         0         0         0       
   0         0         0         0         0         0       
   0         0         0         0         0         0       
   0         0         0         0         0         0       

